1.00
1.00
1.00
1.00
1.00
1.00
1.00
1.00
1.00
1.00
1.00
1.00
1.00
1.00
1.00
1.00
1.00
1.00
1.00
1.00
1.00
1.00
1.00
1.00
1.00
1.00
1.00
1.00
1.00
1.00
1.00
1.00
1.00
1.00
1.00
1.00
1.00
1.00
1.00
1.00
1.00
1.00
1.00
1.00
1.00
1.00
1.00
1.00
1.00
1.00
1.00
1.00
1.00
1.00
0.99
0.99
0.98
0.97
0.95
0.93
0.90
0.87
0.83
0.78
0.72
0.66
0.60
0.53
0.46
0.39
0.33
0.27
0.22
0.17
0.13
0.10
0.07
0.05
0.04
0.03
0.02
0.01
0.01
0.00
0.00
0.00
0.00
0.00
0.00
0.00
0.00
